1738393 31 3
95899600 199 1
17312109 10 1
79735285 99 3
39076056 54 3
60542308 113 3
54484438 113 4
64344104 7 5
20529938 116 2
53300120 139 3
33087795 112 4
80357758 14 3
25437239 65 5
81485390 124 4
65570752 45 2
64310712 185 2
51820736 121 1
21889888 5 4
23364049 198 1
30738421 134 3
46415930 133 3
6708000 148 1
87706085 169 1
68971334 32 5
72774656 82 5
77549575 133 5
44412694 111 5
54344738 12 1
49827430 21 4
27636518 10 5
28346300 144 5
50871547 57 4
30505124 50 5
79687906 128 3
52246849 38 3
82386776 89 3
4741667 42 4
1575523 156 3
7452886 195 4
9252897 117 3
91926474 13 1
62653083 186 3
31617657 15 3
88559027 103 1
23752665 26 4
63199680 84 1
76129631 65 3
17234488 131 4
67010877 193 1
22914517 96 1
74290567 122 3
41646629 159 2
59470264 154 5
53037201 32 2
90318773 15 2
18181308 181 4
9303148 178 2
41795395 156 3
72874022 79 4
55237692 115 4
48173721 72 3
77204785 199 5
32595697 112 3
7329551 95 5
16616283 184 5
13750354 64 3
16640570 125 3
92506569 10 1
17015545 24 5
21528714 9 3
48997380 76 1
30741281 145 3
91891471 51 3
38157279 194 5
53226497 42 2
63723026 158 2
66544952 79 4
9865968 168 2
4225705 7 1
19506274 133 2
12320602 49 3
88610051 69 1
64112922 194 2
60777451 51 1
67162867 103 4
11157587 11 5
6071684 15 3
60208307 93 3
52932493 200 4
23467469 19 4
91352519 51 1
13551444 80 3
91177358 104 4
34788863 187 3
10322248 27 4
33393796 194 3
51452270 72 2
16660269 129 1
84002334 174 3
44585681 32 2
15067790 53 4
10795246 114 2
92336504 70 3
94847534 55 1
86312788 128 4
22829998 20 5
30600160 146 5
79039460 80 2
48234305 136 2
37539166 77 2
32809520 183 3
76193145 196 2
95693354 90 4
25643509 12 3
52777001 52 3
83649960 24 4
30467587 130 2
59731922 185 5
69220916 188 3
14738295 96 4
78358265 11 1
29396251 194 2
9183261 24 4
42595059 146 4
3813774 65 5
61768390 131 3
87422346 162 5
4271971 117 5
83713037 31 3
55059988 30 3
27200097 185 2
45028328 64 4
54861959 125 2
82735901 85 4
62890952 101 1
47989105 146 1
59860358 190 5
62803278 179 3
71379356 144 2
4043335 172 1
89591914 139 3
38797519 27 4
22982061 136 5
8059333 159 4
51323639 60 3
75772420 189 2
67926869 67 3
55430951 79 2
2711446 101 5
8816442 185 4
54833440 73 4
58513967 165 5
15603480 168 4
30414006 147 3
15761041 199 3
37936331 187 5
28928704 194 1
11682536 181 5
52947768 21 3
10529109 132 3
1964517 146 2
86104885 199 5
49419418 112 5
41898840 200 5
16499490 63 4
35112322 191 1
48597674 135 2
83165108 190 4
8360371 180 1
54169555 114 2
31378462 5 4
92056978 141 3
81745090 151 1
20601238 167 1
77115112 103 2
76702024 15 5
94134394 195 5
67559529 118 3
84059176 53 2
80043190 98 5
63328013 149 5
55096289 165 3
49384016 24 3
60794673 84 5
53440676 8 4
74733861 34 3
96308968 16 3
82616731 187 3
75166862 47 1
29778362 6 4
52109107 189 5
77822022 151 2
32415258 41 2
27786201 118 1
39532101 142 1
83152447 19 2
96630795 195 4
29612432 61 2
29564058 193 5
69371627 47 2
75248753 168 1
44923103 120 1
69451655 192 1
68149143 94 2
93267599 31 3
59491779 58 2
75174501 141 2
72019803 80 5
20458446 138 2
3549608 169 4
35034887 26 2
17635561 5 3
36275092 115 4
75859528 134 3
2102387 185 1
28874703 184 4
5002010 116 4
23969654 187 4
40438425 187 4
63273595 72 3
88602728 81 4
71406167 8 3
88505933 107 3
75188518 65 5
89067299 148 4
9067639 101 2
76948723 92 4
3826281 114 5
10570278 27 2
93093976 128 4
94860675 111 2
26641158 94 2
26663671 149 3
36423930 159 3
25118690 82 2
21537580 184 4
51521584 125 3
60465641 194 3
23260788 74 1
22843442 50 5
61763210 136 1
77926215 68 1
87968018 43 2
29211322 127 4
41817249 101 1
28935796 57 4
20265290 176 4
17984119 131 2
45061937 150 5
77459200 86 4
