1 141 1
2 186 4
3 83 4
4 191 4
5 189 2
6 24 3
7 26 1
8 151 4
9 22 1
10 111 4
11 39 4
12 91 3
13 119 4
14 157 1
15 51 3
16 89 2
17 25 2
18 146 4
19 13 3
20 65 5
21 25 4
22 15 2
23 163 1
24 189 5
25 92 4
26 62 3
27 29 5
28 31 5
29 112 3
30 40 2
31 148 4
32 137 5
33 122 5
34 24 2
35 89 5
36 88 1
37 71 3
38 173 2
39 128 4
40 74 3
41 57 5
42 83 5
43 105 3
44 53 3
45 165 1
46 58 3
47 154 5
48 69 4
49 187 1
50 170 3
51 174 4
52 74 4
53 139 3
54 174 3
55 184 4
56 180 5
57 176 2
58 149 1
59 178 2
60 69 4
61 79 3
62 72 1
63 139 5
64 118 5
65 120 4
66 77 4
67 105 4
68 194 3
69 114 1
70 169 3
71 87 1
72 97 3
73 6 1
74 16 1
75 169 4
76 190 3
77 68 5
78 132 1
79 59 4
80 19 4
81 159 4
82 70 3
83 82 5
84 196 4
85 92 5
86 164 2
87 191 5
88 171 2
89 54 5
90 148 3
91 149 2
92 70 4
93 148 3
94 107 2
95 75 3
96 99 5
97 57 3
98 199 4
99 100 2
100 135 3
101 168 5
102 194 3
103 69 2
104 125 3
105 198 4
106 25 5
107 91 4
108 148 3
109 139 5
110 22 2
111 34 5
112 104 5
113 17 2
114 50 1
115 56 3
116 161 3
117 10 2
118 39 1
119 200 1
120 114 2
121 50 2
122 83 3
123 119 1
124 156 1
125 144 5
126 144 2
127 26 3
128 13 4
129 200 2
130 161 2
131 33 5
132 193 5
133 196 1
134 27 3
135 49 1
136 104 1
137 96 5
138 94 3
139 132 3
140 150 2
141 195 1
142 40 5
143 108 1
144 165 5
145 149 5
146 162 2
147 16 4
148 31 3
149 15 2
150 179 2
151 147 1
152 186 1
153 33 5
154 146 5
155 146 5
156 118 1
157 93 3
158 184 5
159 66 2
160 50 1
161 78 5
162 12 2
163 140 2
164 192 5
165 170 5
166 81 3
167 120 5
168 100 5
169 152 1
170 19 4
171 114 2
172 196 1
173 154 4
174 151 3
175 120 5
176 15 1
177 43 4
178 22 3
179 122 3
180 54 4
181 39 1
182 82 2
183 192 1
184 18 3
185 130 1
186 166 3
187 176 2
188 149 3
189 105 3
190 28 1
191 105 5
192 180 4
193 153 4
194 38 3
195 149 1
196 142 3
197 18 3
198 98 3
199 169 2
200 168 5
201 186 5
202 141 5
203 175 2
204 83 5
205 155 5
206 149 4
207 98 4
208 45 4
209 88 4
210 147 5
211 62 1
212 200 1
213 200 1
214 166 1
215 40 1
216 106 4
217 122 5
218 13 4
219 72 5
220 163 2
221 47 5
222 145 4
223 23 5
224 95 3
225 115 1
226 165 2
227 101 4
228 173 1
229 17 1
230 136 5
231 91 4
232 104 5
233 134 4
234 95 2
235 66 1
236 78 2
237 150 3
238 160 4
239 115 3
240 32 3
241 199 2
242 116 3
243 33 2
244 131 1
245 40 3
246 18 2
247 170 1
248 82 2
249 187 5
250 33 1
